 17   3   9
  0  0  0  0  0  0  0  0  0 94  0  0  0 92  0  0  0
  0  0  0  0  0  0  0  0  0  0  0  0 89 76  0  0  0
  0  0  0  0 22  0  0  0  0  0 59  0 94 49  0  0  0
  0  0  0  0 33  0  0  0  0  0  0  0  0  0  0  0  0
  0  0 22 33  0  0  0  0  0  0  0  0  0  0  0  0 79
  0  0  0  0  0  0  0  0  0  0  0 24 62  0  0  0  0
  0  0  0  0  0  0  0 90  0  0  0  0  0  0  0  0  0
  0  0  0  0  0  0 90  0  0  0  0  0  0 57  0  0  0
  0  0  0  0  0  0  0  0  0  0  0  0 38  0 74  0  0
 94  0  0  0  0  0  0  0  0  0 19  0  0  0  0 61  0
  0  0 59  0  0  0  0  0  0 19  0  0  0  0 67  0  0
  0  0  0  0  0 24  0  0  0  0  0  0  0  0  0  0  0
  0 89 94  0  0 62  0  0 38  0  0  0  0  0  0  0  0
 92 76 49  0  0  0  0 57  0  0  0  0  0  0  0  0 92
  0  0  0  0  0  0  0  0 74  0 67  0  0  0  0  0  0
  0  0  0  0  0  0  0  0  0 61  0  0  0  0  0  0  0
  0  0  0  0 79  0  0  0  0  0  0  0  0 92  0  0  0