Задача 5.1.1
x        y

-1	-2.25
-0.7	-0.77
-0.43	0.21
-0.14	0.44
-0.14	0.64
0.43	0.03
0.71	-0.22
1	-0.84
1.29	-1.2
1.57	-1.03
1.86	-0.37
2.14	0.61
2.43	2.67
2.71	5.04
3	8.90

Задача 5.1.2
x       y

0	4.568
0.375	3.365
0.563	2.810
0.75	2.624
1.125	0.674
1.313	0.557
1.5	0.384
1.690	-0.566
1.875	-1.44
2.063	-1.696
2.25	-1.91
2.438	-2.819
2.625	-3.625
2.813	-3.941
3	-4.367

Задача 5.1.3
x        y

-1	3.614
-0.74	1.199
-0.48	-0.125
-0.21	-0.5838
0.05	-0.538
0.31	-0.2855
0.58	0.1111
0.84	0.4529
1.1	0.6711
1.36	0.6625
1.63	0.4501
1.89	0.157
2.15	-0.1876
2.41	-0.542
2.95	-0.1983

Задача 5.1.4
x    y

-0.5	0.72
-0.25	1.271
0	1.2
0.25	0.7363
0.5	0.24
0.75	-0.175
1	-0.36
1.25	-0.328
1.5	0
1.75	0.3538
2	0.72
2.25	0.6969
2.5	0
2.75	-1.792
3	-5.16

Задача 5.1.5
x           y

-2.1	14.1982
-1.8	11.4452
-1.5	9.1586
-1.2	7.2426
-0.9	6.3640
-0.6	4.8182
-0.3	6.1088
0	3.9536
0.3	4.6872
0.6	4.7601
0.9	5.8511
1.2	7.1010
1.5	9.1792
1.8	11.421
2.1	14.097

Задача 5.1.6
0	-0.9
0.2	-0.6482
0.4	-0.2436
0.6	-0.1
0.8	0.0231
1	0.0260
1.2	0.0967
1.4	-0.2203
1.6	-0.3230
1.8	-0.6472
2	-0.7630

Задача 5.1.7
-0.70	-4.152
-0.41	1.244
-0.12	3.182
0.17	2.689
0.46	0.950
0.75	-2.743
1.04	-5.839
1.33	-7.253
1.62	-6.100
1.91	-2.144
2.20	6.103

Задача 5.1.8
0	1.019
0.3	1.4889
0.6	2.2079
0.9	3.0548
1.2	3.8648
1.5	4.2161
1.8	5.1180
2.1	5.7661
2.4	6.6720
2.7	7.1960
3	7.8551

Задача 5.1.9
2.5	6.109
2.75	2.615
3	-0.157
3.25	-2.010
3.5	-2.697
3.75	-3.615
4	-3.478
4.25	-2.250
4.5	0.193
4.75	2.086
5	5.882

Задача 5.1.10
-3.6	-2.397
-3.08	-0.401
-2.56	-0.577
-2.04	-1.268
-1.52	-0.933
-1	-0.359
-0.48	1.107
0.04	1.300
0.56	1.703
1.08	-0.299
1.6	-1.417

Задача 5.2.1
t	1	1.4	1.8	2.6	3	3.4	3.8	4.2	4.6	5
x	10.60	18.01	25.85	44	50.64	60.2	68.27	77.77	84.50	93.4

Задача 5.2.2
t	1	1.625	2.25	2.88	3.5	4.13	4.75	5.375	6
x	14.86	27.15	41.19	54	69.03	81.6	96.11	109.4	124.03

Задача 5.2.3
t	0	0.5	1	1.5	2	2.5	3	3.5	4
x	3.732	9.378	15.53	22	29.52	35.2	42.35	48.61	55.51

Задача 5.2.4	
t	0	0.6	1.2	1.8	2.4	3	4.2	4.8	5.4	6
x	6.449	19.97	33.91	48.2	64.15	76.9	106.2	122.2	135.6	149

Задача 5.2.5
t	2	3.2	4.4	5	5.6	6.8	7.4	8
x	18.50	35.73	54.65	62.4	71.74	90.5	98.10	107.6

Задача 5.2.6
t	5	5.5	6	6.5	7	7.5	8	8.5	9
x	13.85	14.30	15.84	16.9	18.89	19.7	21.03	22.08	23.95

Задача 5.3.1
a*exp(b*x^2)

-2.5	0.876
-2	0.29523
-1.5	0.75958
-1	1.49184
-0.5	2.23671
0	2.56000
0.5	2.23671
1	1.49184
1.5	0.75958
2	0.29523
2.5	0.0876

Задача 5.3.2
a+b/x

0.1	5.53
0.3	2.7967
0.5	2.25
0.7	2.0157
0.9	1.8856
1.1	1.8027
1.3	1.7454
1.5	1.7033
1.7	1.6712
1.9	1.6458
2.1	1.6252

Задача 5.3.3
a+ln(x)
 

0.1	0.479
0.2	0.7562
0.3	0.9184
0.4	1.0335
0.5	1.1227
0.6	1.1957
0.7	1.2573
0.8	1.3107
0.9	1.3579
1.0	1.4
1.1	1.4381

Задача 5.3.4
sqrt(a+bx^2) 

-2.0	1.649
-1.6	1.942
-1.2	2.142
-0.8	2.274
-0.4	2.35
0	2.375
0.4	2.35
0.8	2.274
1.2	2.142
1.6	1.942
2.0	1.649

Задача 5.3.5
a*exp(b*abs(x))      

-1.5	0.0829
-1.2	0.2192
-0.9	0.5794
-0.6	1.5315
-0.3	4.0481
0	10.7
0.3	4.0481
0.6	1.5315
0.9	0.5794
1.2	0.2192
1.5	0.0829

Задача 5.3.6
exp(a+b*Abs(x) )
-2	8.16617
-1.6	5.92986
-1.2	4.30596
-0.8	3.12677
-0.4	2.27050
0	1.64872
0.4	2.27050
0.8	3.12677
1.2	4.30596
1.6	5.92986
2	8.16617

Задача 5.3.7
 a+b*(x+3)^3

-4	-6.47
-3.2	-3.2086
-2.4	-2.3433
-1.6	-2.2767
-0.8	-1.4114
0	1.85
0.8	9.105
1.6	21.951
2.4	41.986
3.2	70.806
4	110.01

Задача 5.3.8
 sqrt(a+b*x)+2

1	4.0199
1.7	3.9404
2.4	3.8574
3.1	3.7706
3.8	3.6793
4.5	3.5827
5.2	3.4799
5.9	3.3693
6.6	3.249
7.3	3.1158
8	2.9644

Задача 5.3.9
(a*x+b)*sin(x) 

0.5	1.7499
0.75	2.5732
1	3.2817
1.25	3.8197
1.5	4.1396
1.75	4.2065
2.0	3.5208
2.25	2.7829
2.5	1.8224
2.75	0.6915
3	0.6915

Задача 5.3.10
 (a*x+b)*cos(x) 

-1.0	0.756
-0.8	1.0033
-0.6	1.2215
-0.4	1.4
-0.2	1.5289
0	1.6
0.2	1.6073
0.4	1.5474
0.6	1.4196
0.8	1.2262
1.0	0.9725

Задача 5.4.1
m=2	x	2.3	2.6	2.8	3	3.3	3.6	3.8
y* =7	y	16	19	22	26	28	33	37

Задача 5.4.2
m=2	x	1.5	2.1	2.7	3.3	3.9	4.5	5.1
y* =8	y	11.1	10.3	9.08	7.64	5.92	3.90	1.60

Задача 5.4.3	
m=2	x	2.5	2.8	3.1	3.4	3.7	4	4.3	4.6
y* =6	y	21	18.5	15.6	12.5	9.10	5.40	1.42	2.14

Задача 5.4.4
m=3	x	0.5	0.75	1	1.25	1.5	1.75	2	2.25	2.5
y* =5	y	3.69	3.90	4.3	4.97	5.96	7.35	9.2	11.57	14.54

Задача 5.4.5	
m=3	x	1	1.4	1.8	2.2	2.6	3	3.4	3.8	4.2	4.6
y* =8	y	2.1	2.45	3.07	4.03	5.42	7.3	9.76	12.87	16.72	21.4

Задача 5.4.6	
m=3	x	1.7	1.9	2.1	2.3	2.5	2.7	2.9	3.1
y* =7	y	50.6	48.1	45.0	41.2	36.7	31.4	25.3	18.3

Задача 5.5.1
a=4
b=2
 
-0.3156
-1.193
-0.6763
0.6968
1.2
0.2828
-0.7221
-0.4711
0.5024
0.7083
-0.3085
-1.204
-0.6968
0.67
1.2049
0.3095
-0.7008
-0.5057
0.491
0.7244
-0.3

Задача 5.5.2
a=3
b=1
      
-1.0044
-0.4724
-0.2432
-0.4119
-0.6785
-0.5996
-0.0449
0.7788
1.4016
1.4446
1.0099
0.4743
0.2475
0.4091
0.6512
0.6007
0.0361
-0.7662
-1.3814
-1.4429
-1.0072

Задача 5.5.3
a=3
b=2
 
-1.3111
-2.8426
-2.4981
-0.2912
2.3164
3.5128
2.3528
-0.2767
-2.5041
-2.8408
-1.3088
0.7309
1.6866
1.0946
-0.2552
-0.8962
-0.2370
1.0992
1.6841
0.7336
-1.2845

Задача 5.5.4
a=3
b=4
 
0.1931
1.242
1.7388
1.7317
1.2585
0.1876
-1.1307
-2.0600
-2.0782
-1.1179
0.2087
1.2317
1.7312
1.7316
1.2483
0.1898
-1.1263
-2.0577
-2.0713
-1.1084
0.2066

Задача 5.5.5
a=4
b=0
 
0.8984
1.0916
1.0262
0.802
0.7105
0.9056
1.0958
1.0365
0.7972
0.6868
0.9066
1.0858
1.0128
0.7833
0.7028
0.9035
1.0815
1.0366
0.7552
0.7185
0.9218

Задача 5.5.6
a=2
b=3
 
2.002
1.7937
0.39
-0.9052
-1.0023
0.0001
1.0025
0.9054
-0.37
-1.7940
-2.003
-0.5597
1.6174
2.9025
2.2468
0.001
-2.2365
-2.902
1.6172
0.5593
2.0004

Задача 5.5.7
a=1
b=4
 
3.053
0.945
-2.45
-2.4651
0.4665
3.052
0.9463
-2.4652
-2.467
0.940
3.053
0.9417
-2.4703
-2.4712
0.938
3.042
0.933
-2.472
-2.471
0.942
3.052

Задача 5.5.8
a=2
b=1
 
-2.32
-0.9861
0.0841
0.583
0.4912
0.002
-0.4925
-0.593
-0.0841
0.9852
2.315
3.3891
3.8051
3.2961
1.9129
-0.003
-1.913
-3.2963
-3.8051
-3.3892
-2.285
