Вариант 1
 0 0 0 1 0 0
 0 0 1 0 1 0
 1 0 1 1 0 0
 0 0 1 0 0 0
 0 1 0 0 1 0
 0 1 0 0 1 1
Вариант 2
 0 0 1 0 0 0
 0 0 0 1 1 0
 1 0 1 0 0 0
 0 0 0 1 0 0
 1 0 0 0 1 0
 1 1 1 1 0 1
Вариант 3
 1 0 1 0 0 1
 0 0 1 1 0 0
 0 0 1 0 1 0
 0 0 0 0 1 1
 1 1 0 0 1 0
 0 0 0 0 1 0
Вариант 4
 1 1 1 1 0 1
 0 1 1 0 0 0
 1 1 1 1 1 1
 0 0 1 1 0 0
 0 0 0 0 0 1
 1 0 0 0 0 1
Вариант 5
 0 1 0 0 0 0
 1 0 0 1 1 1
 0 1 1 0 0 1
 0 1 1 0 1 0
 1 0 0 1 0 0
 1 0 0 0 1 1
Вариант 6
 0 1 0 0 1 0
 0 0 0 0 1 1
 1 0 1 0 0 0
 0 0 0 0 1 0
 1 0 0 1 0 0
 1 0 0 1 0 0
Вариант 7
 1 1 1 0 0 1
 0 0 0 1 0 0
 1 1 0 1 1 0
 1 0 0 0 1 0
 0 0 1 0 0 0
 1 0 0 1 1 0
Вариант 8
 0 0 0 1 0 1
 1 1 1 0 0 0
 0 1 0 0 0 0
 1 0 0 1 1 0
 0 1 1 1 0 1
 0 1 0 0 1 0
Вариант 9
 1 1 0 0 0 0
 1 0 0 0 0 0
 1 0 0 1 0 0
 0 1 0 0 1 1
 0 0 0 1 0 0
 0 0 0 1 0 1
Вариант 10
 1 1 0 0 0 0
 0 0 0 0 1 0
 1 0 1 0 1 0
 0 1 1 1 0 0
 0 1 0 0 0 1
 0 1 0 0 0 0
Вариант 11
 1 0 0 0 1 1
 0 0 0 0 0 1
 0 0 0 1 0 0
 1 1 0 1 0 1
 0 0 0 1 0 0
 0 0 0 0 0 0
Вариант 12
 1 1 1 0 0 1
 0 0 1 1 1 1
 0 1 0 0 0 0
 0 1 0 0 1 1
 1 1 0 0 0 0
 0 0 1 1 1 1
Вариант 13
 0 0 0 1 0 0
 1 1 1 1 0 0
 0 0 0 1 0 1
 0 0 0 0 0 1
 0 0 0 1 0 1
 1 0 1 1 0 0
Вариант 14
 0 1 1 1 1 0
 1 1 0 1 1 1
 0 1 0 0 0 1
 0 0 0 0 0 0
 0 1 0 0 1 0
 0 1 0 1 1 0
Вариант 15
 0 0 1 0 1 1
 0 0 0 0 0 0
 1 0 1 0 1 0
 1 0 0 0 0 1
 0 0 0 1 0 1
 0 0 0 1 0 1
Вариант 16
 0 1 0 1 1 0
 1 0 0 0 1 1
 1 1 0 0 1 1
 0 1 0 1 0 1
 0 0 0 0 0 0
 1 0 1 0 1 1
Вариант 17
 0 0 0 0 0 1
 1 0 0 0 1 0
 1 0 0 0 1 0
 1 0 1 1 1 1
 1 1 0 0 0 0
 1 0 1 1 0 1
Вариант 18
 1 1 0 0 0 0
 0 0 0 1 1 1
 0 0 0 0 0 0
 0 0 0 0 0 0
 0 0 0 0 0 0
 1 0 0 1 1 1
Вариант 19
 0 0 0 0 0 1
 0 1 0 0 1 0
 0 0 0 1 0 1
 0 0 1 0 1 1
 0 1 1 0 0 0
 0 0 1 0 1 0
Вариант 20
 0 0 0 0 1 0
 0 1 0 0 0 1
 0 1 0 1 0 1
 0 1 0 0 1 0
 0 0 1 0 0 1
 1 1 0 0 0 1
Вариант 21
 0 0 1 1 1 0
 1 0 0 1 0 1
 0 0 0 0 0 0
 0 0 1 0 1 1
 0 0 1 0 0 0
 0 0 0 1 0 0
Вариант 22
 0 0 0 0 1 0
 0 0 0 1 1 0
 0 0 1 1 0 1
 0 0 0 1 0 1
 0 0 1 1 0 1
 1 1 1 0 1 1
Вариант 23
 0 1 0 0 1 1
 0 0 0 1 0 1
 0 1 1 1 0 1
 1 0 1 0 0 0
 0 1 0 1 0 0
 1 1 0 1 0 0
Вариант 24
 0 1 1 1 0 1
 1 0 0 0 1 0
 0 1 1 1 1 0
 0 1 0 0 1 0
 0 1 0 1 1 0
 0 1 1 1 1 0
Вариант 25
 1 0 0 0 0 0
 0 0 0 1 0 1
 0 0 0 0 1 1
 0 1 0 1 0 1
 0 0 0 1 1 0
 1 1 1 1 0 0
Вариант 26
 0 1 0 0 0 0
 1 0 0 1 1 0
 0 0 1 1 0 1
 1 1 0 0 0 1
 1 1 1 0 0 0
 0 1 1 0 1 0
Вариант 27
 0 0 0 0 1 0
 0 0 1 0 0 1
 1 1 0 1 0 1
 0 1 0 0 0 1
 1 0 1 0 0 0
 0 1 1 1 0 0
Вариант 28
 0 0 0 1 0 1
 0 1 0 0 0 0
 1 1 0 1 0 0
 0 0 0 0 0 1
 1 0 0 0 1 0
 0 1 1 0 0 1
Вариант 29
 0 0 0 0 0 1
 1 1 1 0 0 0
 1 0 1 1 0 1
 0 0 1 0 1 1
 1 0 1 0 0 0
 0 0 1 0 0 0
Вариант 30
 0 1 0 0 0 0
 1 0 1 0 0 0
 0 1 0 1 1 1
 0 1 0 1 0 0
 1 1 1 1 0 1
 0 1 0 0 1 0
